2365 2153 2417 2340 2670 2325 2051 2425 2117 2232 2092 2347 2425 2387 2651 2577 2288 2558 1968 2232 2215 2189 2439 2350 2410 2392 1923 2414 2342 2096 2355 2429 2230 2292 2041 2317 2170 2539 2303 2061 2146 2294 2265 2301 2322 2283 2634 2416 2410 2354 2370 2538 1895 2283 2256 1812 2573 2275 2292 2323 2332 1966 2482 2485 1945 2459 2165 2236 2424 2241 2534 2286 2272 2459 2457 2624 2104 2085 2236 2248 2274 2400 2092 2116 2200 2409 2569 2352 2335 2332 2671 2300 2116 2249 2548 2498 2226 2515 2213 2059 
1900 1880 2092 2157 2369 2150 1924 2332 1976 2073 1947 2113 2112 2323 2372 2375 2062 2223 1660 2011 1998 1972 2135 2025 2267 2004 1899 2243 2087 1975 2021 2205 2055 2136 1967 2117 2036 2306 2184 2103 1998 2232 1986 2110 2016 2184 2388 2249 2237 2203 2159 2380 1745 2090 2104 1793 2256 2016 2078 2287 2120 2026 2096 2167 1796 2375 2127 1979 2226 1843 2326 1998 2130 2280 2124 2379 1864 1906 2164 2175 1852 2064 2029 1946 1852 2132 2471 2274 2054 2090 2420 2111 1952 1945 2226 2246 1959 2154 1867 1830 
1626 1584 1582 1825 1772 1575 1258 1616 1678 1660 1445 1716 1707 1654 1795 1922 1508 1661 1389 1648 1544 1575 1680 1626 1709 1565 1506 1629 1706 1593 1607 1747 1572 1642 1487 1614 1646 1633 1668 1604 1391 1613 1528 1816 1561 1677 1860 1715 1781 1775 1646 1760 1418 1695 1699 1354 1847 1609 1676 1688 1756 1531 1756 1770 1430 1635 1626 1647 1799 1441 1777 1672 1609 1756 1706 1954 1402 1433 1472 1627 1687 1679 1420 1480 1527 1763 1813 1726 1593 1709 1975 1459 1355 1440 1772 1831 1660 1547 1635 1486 
2073 1910 2094 2133 2333 2167 1765 2209 1828 2031 1835 2133 2241 2241 2355 2314 1946 2273 1832 2106 1863 1816 2111 2111 2219 2173 1857 2086 2095 1931 1992 2077 2094 2132 1977 2032 2098 2103 2101 1992 1946 1999 1912 2201 2110 1976 2378 2079 2092 2229 2011 2433 1797 2178 1956 1723 2315 1773 2108 2011 2149 1956 2287 2188 1741 2150 2002 1989 2249 1876 2337 2036 2205 2223 2222 2476 1761 1759 2128 2136 2151 2089 1992 1976 1883 2117 2270 2295 2025 2111 2320 1890 1870 1875 2234 2247 1980 2200 2013 2109 
2204 1839 1918 2004 2332 1786 1742 2163 1900 1929 1967 1945 2058 2047 2159 2251 1712 2120 1841 1929 1946 1905 2106 1929 1988 2187 1777 2076 2048 2064 2029 2114 1884 2103 1853 2014 2019 1968 2146 2036 1742 2072 2035 2129 1981 1996 2195 2040 2141 2161 1993 2107 1709 2153 1948 1703 2247 1851 2081 2018 2064 1920 1960 2122 1725 2105 2132 1885 2329 2006 2142 1795 1933 2185 1986 2163 1832 1869 2019 2221 1876 2033 1962 1960 1886 2129 2126 2139 1855 2121 2225 1783 1727 2090 2111 2126 1965 2158 1881 1997 
1917 1644 1806 1851 1922 1721 1617 1978 1634 1798 1739 1873 1902 1902 2031 2090 1763 1891 1661 1787 1747 1685 1886 1937 1986 1753 1612 1880 1739 1893 1723 1836 1822 1878 1738 1857 1850 1863 1854 1772 1783 1814 1646 1800 1862 1635 1907 1948 1964 1872 1791 2123 1654 1825 1758 1444 2030 1557 1915 1862 1834 1731 1835 1901 1551 1946 1844 1801 1966 1544 1950 1874 1958 1973 1876 2131 1469 1639 1929 1904 1813 1932 1729 1709 1713 2015 2012 2073 1755 2088 2061 1825 1566 1868 1936 1980 1890 1923 1853 1707 
2086 1858 2136 2035 2309 2072 1769 2050 1923 2026 1742 2034 2134 2243 2162 2248 1857 2366 1699 2029 1807 1979 1947 2082 2136 1989 1905 1881 1879 1941 1846 2099 1922 2047 1886 1998 2030 1991 2048 2098 2029 1911 1890 2244 2006 1971 2362 2070 2194 2041 2055 2181 1933 2083 1972 1719 2225 1823 2011 2048 2240 1796 2165 2127 1898 1962 1993 1917 2270 1891 2230 2044 2073 2168 2109 2356 1741 1993 2085 2048 1936 1958 2019 1966 1916 2292 2326 2052 1892 1996 2465 1849 1924 1962 2235 2064 2011 2119 2061 1942 
2103 1629 1872 1942 2140 2070 1698 1996 1829 1930 1901 2060 1953 2019 2078 2189 1876 2069 1670 1809 1951 1847 1900 1860 2261 1914 1850 2136 1984 1693 1980 1801 1852 2014 1834 1825 1882 2171 2017 1964 1836 2089 1996 1829 1843 1879 2331 2202 1946 2058 1912 2076 1612 1918 1888 1531 2224 1774 2030 1961 1972 1778 1944 2077 1683 2016 2118 1868 2026 1598 2143 2007 1850 2158 1947 2173 1742 1591 2116 2015 2015 1850 1803 1909 1767 2048 2133 2091 1872 1946 2316 1994 1690 2068 2005 2120 1957 2107 2016 1842 
2168 2051 2070 2222 2328 2152 1770 2155 2128 2117 2070 2197 2098 2165 2324 2347 2063 2268 1942 2197 2046 2059 2227 2085 2225 2049 1956 2168 2274 2111 2013 2246 2069 2160 2017 2172 2106 2388 2149 2076 1992 2190 1980 2078 2062 2096 2364 2143 2226 2311 2086 2178 1872 2200 2112 1904 2279 1873 2144 2201 2186 1955 2394 2322 1806 2466 2276 2157 2314 1898 2287 2145 2086 2298 2367 2456 1971 1729 2095 2209 2154 2212 2045 1827 1915 2220 2335 2281 2190 2055 2439 1913 1989 2320 2190 2553 2049 2197 2109 1900 
1816 1717 1841 1804 2052 1960 1711 1908 1789 1848 1606 1889 1843 1836 1942 2069 1634 2036 1715 1896 1610 1583 1813 1771 1914 1913 1462 1799 1859 1766 1922 1998 1745 1780 1736 1890 1806 1847 1806 1817 1613 1736 1685 1916 1806 1669 2085 1798 1865 1859 1752 1918 1624 1780 1769 1459 1930 1730 1845 1858 1910 1569 1993 2055 1713 2113 1702 1737 1915 1800 1979 1909 1864 1953 1715 2091 1664 1491 1811 1939 1750 1787 1582 1709 1767 1997 2019 2032 1784 1908 1979 1660 1749 1895 2031 2098 1701 1927 1863 1656 
1951 1816 2004 2047 2373 2083 1780 2027 1910 1862 1979 2053 2049 1996 2277 2245 1920 2190 1710 2005 1899 1911 1991 1980 2136 2133 1704 2190 2018 1786 1937 2005 1975 2057 1864 2057 1877 2073 1929 2073 1866 2045 1942 2061 2037 2027 2263 2081 2210 2111 1998 2248 1668 2101 1864 1705 2332 1848 1943 1952 2030 1731 2048 2074 1613 1992 1911 1978 2211 1977 2221 2084 2003 2340 2007 2375 1757 1771 2036 1954 1997 1908 1895 1918 1942 2058 2332 2086 1970 2090 2368 1935 1809 1872 2142 2154 1928 2028 2070 1851 
2266 2129 2152 2299 2413 2194 1887 2221 2109 2227 1976 2135 2200 2063 2306 2465 2127 2220 1937 2182 2019 1912 2169 2178 2372 2315 1885 2166 2004 2111 2290 2326 2096 2264 2083 2034 2157 2410 2169 2157 2074 2165 2045 2207 1920 2147 2449 2295 2323 2250 2141 2359 1894 2080 2098 1888 2378 1911 2204 2181 2194 1985 2255 2455 1908 2400 2178 2218 2245 2045 2373 2098 2162 2311 2262 2553 1820 1984 2251 2215 2187 2106 1957 2087 1888 2387 2488 2229 2084 2187 2664 2078 1955 2147 2247 2506 2213 2299 2216 2087 
1904 1652 1811 1808 2175 1704 1569 1934 1845 1858 1721 1870 2036 1948 2079 2173 1842 2122 1741 1854 1842 1793 2025 2040 2055 1849 1718 1943 1908 1977 1786 1996 1864 1797 1818 1923 1845 1914 1778 1913 1755 2026 1831 1800 1890 1890 2056 2000 1974 2062 1993 2047 1562 1906 1914 1659 2043 1667 1889 2049 1824 1721 1972 1991 1548 2115 1970 1778 2000 1757 1877 1906 2156 2139 1928 2020 1609 1739 1901 1915 1985 1953 1855 1786 1768 1968 2021 1992 1977 1949 2147 1560 1780 1816 1913 2123 1918 1786 1779 1777 
2099 1699 1836 1956 2314 1797 1641 2034 1875 1787 1745 2009 2023 1913 2139 2049 1786 2085 1609 1963 1782 1874 2018 1868 2027 2027 1548 1944 1936 1872 1871 1916 1867 1904 1821 1887 2025 1964 1964 2041 1862 2024 1754 2009 1839 1746 2020 1994 2053 1936 1908 2232 1584 1912 1870 1620 2200 1790 1990 1970 1872 1886 1984 2005 1548 2054 1850 1779 2127 1757 2106 1871 1837 2345 1895 2283 1615 1779 2038 1916 1861 1976 1774 1847 1725 2082 2209 2247 1988 2080 2177 1785 1817 1939 2014 2099 1908 2086 1991 1844 
2038 1773 1921 2088 2339 1890 1806 2003 1911 2012 1784 1968 2047 2140 2219 2188 1892 2203 1696 1883 2000 1878 2131 2073 2152 1872 1972 1911 2128 1920 1944 1994 1967 2013 2000 2060 1780 2124 2071 2062 1899 2134 1898 2049 1878 2130 2374 2261 2136 2099 1917 2261 1679 1911 2039 1620 2215 1923 2098 2023 2109 1893 2116 1914 1781 2102 2060 1895 2225 1757 2209 1965 2049 2191 2156 2233 1771 1783 2023 2091 1993 1979 1919 1951 1857 2144 2286 2085 2033 2030 2267 2014 1888 1938 2260 2296 2119 1967 1880 1814 
1948 1835 2072 2007 2212 2002 1697 1949 1889 2064 1742 2046 2189 1977 1979 2186 1854 2031 1655 1898 1736 1798 1890 1979 2016 1815 1668 1846 1884 1756 1948 2069 1746 1919 1794 1910 1795 1891 1924 1842 1780 1917 1835 1835 1957 1893 2235 1974 1929 1952 1899 2063 1626 1925 1896 1658 2071 1751 1878 2003 1961 1731 1987 1967 1595 1979 1968 1920 1949 1785 2014 1928 2162 2215 1945 2242 1452 1718 2080 1936 1807 1933 1760 1741 1875 2083 2184 2078 1918 2102 2387 1788 1762 1846 2083 2009 1864 2009 1871 1758 
2078 1908 1923 2052 2365 1966 1820 2171 2040 1916 1988 2079 2093 2108 2297 2297 2052 2192 1975 1963 1943 1959 2206 1965 2337 2150 1912 2119 2172 2084 2012 2132 2022 2162 1944 2185 1996 2222 2072 1994 1963 1994 1930 2101 2128 1956 2330 2285 2111 2165 2100 2190 1754 2037 2060 1643 2335 1823 2193 2041 2166 1889 2197 2164 1807 2189 2167 1997 2267 1793 2202 2058 2099 2288 2168 2308 1704 1838 2111 2067 2156 2015 1946 1862 1879 2278 2256 2214 2057 2236 2315 1942 1964 2075 2248 2304 2112 2107 2065 1938 
2151 1850 1933 2118 2215 1983 1712 2147 1979 2067 1823 2036 2062 2037 2254 2417 1914 2087 1759 1981 2037 1925 2023 1947 2080 1795 1721 2043 2071 1867 2002 2119 1894 2061 1975 1966 1899 2065 2069 2073 1887 2165 1978 2161 1855 2111 2231 2103 2209 2247 1840 2196 1749 2005 2082 1633 2263 1894 2099 1942 2055 1909 2001 2090 1731 2053 1991 2031 2182 1828 2241 2176 1947 2338 1945 2365 1878 1766 1960 2063 2075 2130 1812 2027 1827 2196 2229 2065 1978 2107 2374 1971 1896 1921 2156 2266 2041 2059 2039 1877 
1787 1614 1761 1959 1975 1845 1615 1794 1710 1738 1744 1667 1746 1890 1874 2027 1663 1956 1580 1594 1731 1702 1767 1759 1939 1805 1670 1930 1752 1731 1765 1817 1577 1715 1639 1722 1832 1876 1821 1753 1543 1779 1878 1886 1837 1718 1920 1950 1828 1913 1923 1993 1663 1909 1736 1398 1835 1451 1818 1735 1876 1617 1751 1767 1615 1827 1786 1738 1923 1670 1907 1882 1709 1883 1779 2005 1593 1481 1813 1820 1850 1647 1832 1678 1678 1828 1861 1941 1662 1600 1958 1771 1578 1698 1925 1929 1763 1826 1725 1677 
1881 1825 1898 2007 2227 1920 1689 1996 1860 1948 1884 1876 1977 1984 2200 2233 1910 2143 1627 1900 1804 1969 1991 1883 2217 2092 1650 2080 1781 1896 1905 2064 1723 2058 1793 1855 2011 2170 1972 1799 1844 2011 1854 1972 1950 1953 2116 1947 2220 1952 2002 2063 1721 1793 2037 1725 2194 1949 1908 1830 1972 1675 1981 2189 1821 2085 1896 1906 2182 1781 2062 1995 1920 2170 1988 2097 1755 1714 1944 1973 1866 1794 1836 1806 1753 2090 2128 1921 1733 1963 2241 1792 1863 1831 2042 2141 1885 1965 1813 1758 
2062 1792 2078 2086 2325 2127 1875 2020 2057 1987 1829 2215 2171 2030 2165 2255 1912 2052 1677 2083 1795 1913 2086 1958 2137 2046 1780 2033 1939 2072 1941 2167 1853 1961 1850 1792 2120 2077 2044 1976 1891 1969 1973 2182 1979 2080 2216 2208 2168 2157 2096 2207 1887 2060 1944 1763 2222 1937 1934 2002 2089 1753 2126 2345 1877 2105 2022 2045 2124 1874 2163 2254 1964 2225 2101 2321 1751 1659 1912 1975 2098 2046 1949 1896 1906 2163 2180 2098 2023 2162 2344 1870 1879 1911 2182 2133 2068 2103 1908 1686 
2030 1758 1935 1824 2184 2019 1705 1884 1885 1961 1707 2052 1956 1983 2086 2165 1741 2015 1578 1936 1702 1705 1940 1846 1963 1938 1671 1873 1917 1799 1913 2115 1965 1861 1857 1928 1886 2076 1941 1944 1861 1846 1817 2068 1849 1983 2313 2029 2160 2032 1920 2160 1610 1977 1872 1691 2013 1720 1836 1957 1977 1649 1956 2092 1653 2011 1874 1806 2040 1841 2137 2084 1827 2114 1982 2199 1774 1767 1777 1954 1927 1870 1890 1819 1708 2092 2269 2076 1899 1994 2156 1700 1874 2018 2123 2095 1980 1921 1883 1647 
1969 1844 1884 1867 2037 1788 1677 1870 1837 1794 1768 1841 1957 1900 1932 2076 1744 2050 1605 1880 1819 1712 1903 1923 2058 1819 1674 1897 1638 1698 1810 2002 1947 1889 1785 1734 1745 1956 2019 1904 1828 2027 1724 2035 1777 1925 2059 2099 2029 2014 1791 1995 1651 1918 1790 1736 1992 1705 1902 1810 1826 1704 1947 2069 1735 2088 2032 1622 2149 1755 2065 1931 1815 2256 1916 2050 1596 1747 1862 1890 1931 2017 1821 1937 1669 1880 2024 1867 1844 1988 2168 1844 1729 1924 2054 2024 1894 1993 1732 1839 
1887 1509 1741 1745 1984 1673 1580 1888 1638 1723 1499 1779 1865 1776 1981 1936 1693 1810 1485 1641 1776 1721 1774 1749 1925 1774 1500 1750 1713 1755 1654 1760 1624 1767 1674 1723 1667 1841 1739 1753 1633 1872 1619 1768 1741 1839 1964 1902 1813 1849 1776 2015 1444 1684 1860 1464 1974 1578 1837 1708 1850 1732 1814 1831 1535 1806 1835 1667 1949 1627 1984 1697 1775 2003 1703 1968 1468 1694 1778 1899 1790 1774 1618 1677 1621 1936 1982 1779 1710 1954 2071 1691 1666 1679 1700 2007 1901 1906 1649 1729 
1834 1792 1933 1863 2017 1875 1470 1825 1807 1792 1810 1831 1912 1803 1964 1896 1825 2050 1725 1829 1735 1657 1967 1846 1850 1844 1576 1865 1826 1695 1769 1865 1834 1922 1711 1918 1774 2054 1814 1629 1742 1754 1767 1921 1768 1744 2058 1875 1942 1855 1879 2066 1541 1816 1758 1538 2151 1745 1830 1835 1855 1661 2028 1960 1423 1883 1734 1764 1952 1594 2031 1761 1957 2006 1881 2115 1523 1626 1742 1804 1914 1813 1764 1575 1641 1947 2037 2062 1657 1884 2010 1767 1708 1658 1878 1845 1787 1855 1823 1608 
1989 1784 1985 2029 2286 2103 1653 2120 1949 1869 1825 2093 1974 1985 2043 2376 1868 2289 1654 2048 2046 1776 2086 1971 2245 1995 1687 1983 1943 1789 1996 2111 1797 2090 1892 2033 1842 2093 2048 2096 1812 2028 1877 2080 1833 2002 2216 2048 2068 2188 1918 2225 1791 1999 1936 1838 2242 1832 2005 2017 1901 1873 2196 2258 1802 2115 1971 1889 2288 1926 2132 2059 1953 2331 1980 2257 1759 1583 1986 2056 1891 2180 1961 2004 1780 2178 2140 2176 1925 1935 2324 1892 1816 1852 2093 2188 1834 2057 1958 1940 
1993 1860 1924 1999 2062 1816 1574 1720 1866 1845 1652 1869 1826 1881 1911 2102 1814 2038 1577 1872 1859 1806 1876 1995 1992 1726 1472 1718 1878 1785 1772 1990 1714 1840 1820 1741 1859 1925 1830 1744 1754 1856 1739 1981 1690 1846 2097 1963 2020 1993 1823 2080 1544 1893 1892 1563 2055 1610 1850 1958 2041 1722 1939 1952 1687 1831 1844 1839 2069 1692 1896 2055 1808 2147 1803 2019 1565 1710 1785 1852 1868 1885 1654 1670 1677 2057 2098 1980 1828 1750 2268 1720 1763 1816 1939 2265 1881 1902 1904 1715 
2263 2190 2346 2179 2531 2288 2074 2357 2250 2202 2194 2339 2427 2440 2482 2540 2229 2487 2039 2359 2099 2086 2461 2321 2457 2356 2010 2288 2199 2140 2104 2487 2302 2299 2195 2299 2307 2372 2218 2230 2238 2326 2264 2464 2341 2365 2598 2430 2455 2380 2315 2636 2011 2277 2366 1907 2550 2129 2333 2259 2417 2068 2541 2479 2057 2482 2452 2194 2555 2114 2421 2403 2311 2644 2374 2500 1876 2091 2130 2377 2357 2259 2312 2093 2212 2458 2648 2465 2265 2448 2469 2196 2155 2234 2465 2574 2388 2342 2142 2206 
1980 1920 2088 2141 2228 2087 1943 2273 1883 1983 1990 2049 2026 2081 2240 2332 2029 2262 1872 1869 1999 1779 2206 2004 2276 2106 1758 2128 2020 1919 2067 2172 1956 2007 1844 2114 2034 2202 2076 2081 1778 2118 1971 2100 1980 2118 2383 2146 2096 2295 2088 2103 1701 2068 1948 1647 2196 1838 2159 2136 2030 1775 2053 2195 1629 2086 2021 1999 2189 1872 2156 2045 2001 2246 2046 2410 1742 1787 2017 2064 2001 2067 1823 1842 1882 2055 2248 2232 1920 2157 2197 1954 1709 2152 2127 2148 1960 1958 2082 1949 
1860 1843 1947 1991 2005 1707 1511 1884 1880 1776 1659 1818 2014 1990 1942 1836 1715 1935 1470 1922 1824 1798 2038 2010 1867 1688 1447 1845 1788 1656 1659 1949 1696 1867 1722 1812 1760 1886 1904 1693 1762 1930 1786 1987 1673 1802 2103 1993 2156 1910 1794 2077 1588 1695 1793 1446 2161 1644 1782 1902 1945 1670 1879 1768 1537 1701 1828 1662 2153 1642 1848 1887 1839 2063 1889 2061 1505 1744 1795 1875 1687 1907 1799 1670 1729 1841 2039 1991 1882 1867 2061 1847 1761 1745 2015 2105 1948 1787 1805 1725 
1992 1742 2019 1971 2171 1882 1684 2124 1868 1877 1915 2069 2025 1908 2044 2088 1963 2223 1715 1892 1888 1815 1964 1951 2076 2033 1621 2028 2053 1781 1911 1931 2002 2058 1777 1910 1960 2215 1924 2001 1942 1962 1655 1952 1985 1926 2224 2056 2137 1999 1989 2070 1851 1921 1893 1705 2097 1774 2025 1955 1929 1725 2289 1984 1606 2041 2052 1878 2130 1710 2160 2082 1918 2228 2247 2284 1737 1722 1884 1996 1949 2055 1912 1860 1807 2077 1996 2070 1979 2118 2273 1773 1818 1892 2041 2259 1863 2013 1945 1770 
2193 1992 2266 2234 2568 2164 1896 2190 2083 2070 1869 2272 2276 2276 2199 2418 1959 2452 1939 2143 2020 1962 2209 2138 2275 2201 1957 2074 2187 1942 2242 2269 2077 2242 2077 1993 2135 2181 2135 2191 1957 2257 2208 2134 2024 2109 2518 2301 2282 2235 2210 2276 1893 2187 2105 1719 2344 2119 2106 2305 2286 1828 2428 2291 2069 2421 2221 2057 2298 1957 2262 2138 2154 2431 2280 2456 1892 2090 2384 2163 1975 2166 2104 2148 2004 2287 2447 2209 2237 2156 2569 2025 1928 2293 2346 2380 2038 2166 2053 2147 
2086 1835 2106 2094 2434 2116 1875 2054 2071 2088 1842 2213 2044 1976 2322 2500 2118 2297 1868 2188 2055 2056 2028 2178 2310 2000 1768 1924 2226 2120 2081 2187 2045 2059 2008 2014 2043 2155 2203 2046 2010 2030 1984 2238 2115 2022 2325 2022 2292 2187 2025 2412 1829 2160 2126 1835 2148 1930 2160 2201 2206 2053 2264 2266 1821 1983 2136 2155 2246 1886 2161 2020 2033 2365 2157 2303 1849 1862 2007 2103 2124 2143 1831 1992 1863 2261 2196 2207 2081 2160 2455 1879 1963 2032 2188 2393 2125 2248 1959 1885 
2078 1848 2125 2129 2207 2020 1871 2134 1880 1859 1845 2004 2050 2060 2039 2174 1876 2098 1849 1963 1812 1875 2085 2157 2067 2131 1792 2094 2069 1877 1939 2031 1972 1941 1881 1884 2017 2137 2069 2073 1840 2140 1876 2185 2025 2102 2336 2130 2007 2162 2020 2333 1680 1969 1959 1690 2249 1896 2086 2093 2063 1863 2069 2036 1667 2012 2068 1885 2189 1770 2157 2011 1985 2279 2041 2296 1650 1820 1988 2154 1999 1969 1937 1795 1951 2103 2217 2145 1893 2177 2355 1982 1711 1874 2085 2191 1968 2040 2079 1925 
1915 1857 2057 1956 2106 1927 1792 2130 2028 2001 1707 2002 2107 2088 2208 2083 1870 2237 1771 2002 1848 1809 2131 1915 1979 1949 1647 2024 2089 2009 1883 1908 1878 1863 1808 1997 2008 2063 1901 1829 1780 1957 1990 2071 1895 2020 2015 2044 2067 2060 2005 2223 1700 1918 1938 1562 2196 1777 1925 1860 1992 1799 2020 2076 1603 2113 1810 1774 2118 1822 2094 1824 1962 2172 1941 2317 1621 1810 1907 2038 2018 1975 1833 1683 1843 2216 2262 2159 1774 2088 2162 1817 1854 1813 1952 1966 2021 1934 1889 1864 
2119 1876 2008 2153 2470 2115 1958 2185 1976 2155 2029 2108 2075 2081 2344 2337 1921 2141 1820 1939 1935 1959 2208 1984 2281 2246 1858 2138 2010 2006 2142 2154 1978 2068 1998 2091 2010 2258 2121 1983 1954 2151 1986 2170 2100 2023 2381 2287 2181 2239 2118 2325 1682 2108 2127 1683 2266 1915 2045 2070 2013 1859 2067 2280 1909 2253 2057 2026 2165 1855 2278 2190 2024 2334 2192 2334 1880 1707 2001 2179 2069 1973 2004 1942 1900 2151 2425 2244 2047 2142 2403 2069 1866 2036 2337 2378 2029 2214 2021 1967 
2222 2099 2193 2396 2673 2297 1934 2395 2191 2242 2148 2228 2402 2394 2490 2564 2186 2569 1975 2175 2207 2228 2222 2341 2436 2238 2043 2298 2184 2199 2209 2224 2254 2330 2186 2247 2218 2373 2229 2213 2063 2358 2324 2249 2188 2271 2517 2522 2355 2377 2281 2423 1943 2230 2233 1904 2501 2138 2154 2342 2405 2096 2330 2438 1869 2351 2287 2072 2410 2020 2418 2309 2171 2484 2410 2538 2006 2186 2158 2176 2300 2209 2160 2110 2059 2339 2462 2188 2176 2346 2666 2220 2192 2304 2405 2524 2303 2281 2178 2150 
2237 2059 2224 2245 2512 2191 1967 2297 2170 2188 2147 2319 2384 2409 2411 2550 1970 2261 2006 2193 2175 2105 2176 2119 2346 2107 1835 2155 2288 2106 2142 2431 2060 2335 2236 2216 2144 2392 2323 2270 2176 2390 2065 2184 2189 2248 2686 2315 2383 2362 2190 2332 1936 2388 2146 2035 2391 2138 2144 2198 2310 2005 2353 2278 1962 2446 2237 2169 2456 1984 2412 2431 2200 2488 2324 2686 1954 2128 2405 2324 2110 2184 2085 2075 1997 2365 2598 2311 2170 2283 2666 2154 2256 2209 2310 2631 2214 2196 2247 2140 
1846 1673 1893 1916 2054 1855 1916 1999 1695 1955 1671 1876 1926 1828 1993 2176 1792 2122 1619 1725 1813 1627 1864 1901 2165 1843 1721 1914 1954 1710 1897 1981 1696 1751 1787 1767 1897 1995 1880 1882 1716 1913 1766 1950 1712 1914 2198 1839 1921 2041 1849 1878 1564 1968 1859 1579 1929 1768 2015 1799 1922 1639 1917 2048 1751 1973 1879 1869 2027 1710 1934 1797 1869 1977 1774 2159 1520 1681 1975 1741 1837 1813 1556 1741 1821 2093 1952 1916 1810 1958 2140 1744 1566 1779 1832 1979 1741 1906 1900 1759 
2199 1960 2138 2157 2470 2186 1875 2109 2176 1991 1902 2201 2276 2324 2367 2362 1896 2417 1850 2240 2017 1999 2256 2015 2162 2155 1822 2066 1991 2165 1950 2226 2186 2186 2072 2143 2100 2130 2169 2241 1931 2235 2057 2258 2067 2061 2310 2175 2366 2215 2133 2235 2063 2073 2022 1760 2430 1938 2083 2100 2019 1855 2430 2234 1772 2176 2011 1997 2435 1985 2275 2202 2095 2319 2252 2525 1900 1907 2165 2121 2164 2221 1930 2061 1982 2266 2450 2264 2161 2307 2404 1987 1949 2180 2380 2271 2221 2104 2102 1964 
1908 1833 2091 2035 2323 1894 1729 1951 1837 1991 1920 2007 2112 2189 2196 2379 1921 2078 1869 2042 1985 2002 2082 1950 2225 2032 1687 2023 1965 1937 1984 2142 1870 2022 1944 2116 2074 1913 2038 2079 1835 2115 1935 1997 2077 1912 2409 2026 2057 2068 1960 2251 1600 2041 2104 1805 2180 1870 2071 2078 2134 1911 2139 2095 1689 2186 2064 2110 2203 1995 2105 2199 2188 2395 1969 2344 1637 1862 2064 2003 2044 2117 1943 1911 1901 2152 2318 2381 1925 2005 2294 1954 2003 1886 2090 2270 1998 2144 2022 1919 
2023 1802 1980 1926 2187 1945 1619 1951 1874 2099 1849 1904 1924 2087 2057 2174 1847 2252 1786 1963 1765 1842 1954 1857 2231 1997 1832 1950 1955 1902 1811 1943 1945 2003 1983 2077 1934 1984 1875 1938 1847 1894 1923 2078 1830 1907 2127 2095 2157 2049 1942 2138 1717 1852 1943 1715 2030 1738 2030 1974 2043 1751 2131 2153 1705 2017 1869 2057 2212 1681 2137 2083 2082 2139 2002 2001 1733 1711 1911 1891 2172 1920 1967 1772 1682 2066 2069 2039 1875 2132 2252 1757 1884 1792 2164 2183 1927 1994 1886 1699 
1932 1650 1835 1910 2056 1752 1618 1939 1732 1939 1752 1875 2036 1854 2025 2016 1762 1894 1593 1740 1766 1821 1930 1867 2027 1841 1688 1869 1945 1741 1903 1927 1836 1890 1746 1865 1754 2024 1905 1710 1843 1939 1701 1952 1870 1883 2231 1967 1973 1975 1876 1944 1489 1950 1794 1479 1977 1698 1840 1871 1871 1670 1841 1935 1580 1929 1858 1847 1896 1664 1937 2002 1789 2030 1936 2053 1768 1648 1871 2020 1761 1834 1738 1750 1687 2045 2070 1847 1817 1949 2284 1688 1822 1893 1913 2218 1969 1965 1764 1615 
2293 1903 2144 2161 2545 2189 1854 2165 2104 2034 1866 2351 2184 2283 2382 2341 2132 2293 1924 2260 2017 1986 2249 2204 2237 2205 1812 2262 2176 2081 2041 2197 2157 2166 2032 1950 2199 2157 2186 2045 2006 2328 2091 2302 2142 2249 2293 2387 2346 2224 2174 2399 1885 2148 2111 1588 2487 1897 2178 2217 2279 1861 2316 2155 1881 2211 2175 1982 2334 1932 2406 2212 2182 2499 2222 2490 1989 1988 2131 2304 2035 2132 2046 2010 2086 2312 2346 2411 2181 2320 2479 2004 2033 2125 2238 2359 2126 2258 1980 1956 
2181 1949 2119 2114 2369 2170 1776 2156 1963 2125 1954 2173 2035 2224 2362 2480 1932 2457 1924 1982 1977 1844 2199 2121 2137 2071 1919 2072 2011 1930 2036 2211 1957 2075 2059 1978 1898 2224 2036 2269 1907 2222 2000 2188 2186 2013 2262 2143 2327 2248 2033 2280 1868 2093 2077 1744 2273 1994 2019 2144 2027 1728 2243 2205 1847 2225 2103 1854 2273 1927 2232 2309 2240 2440 2094 2395 1840 1860 2209 2020 2165 2071 1882 2038 1806 2272 2376 1988 2158 2235 2504 1969 1912 2042 2241 2255 2158 2105 1989 1891 
1818 1866 1847 1796 2002 1754 1631 1981 1809 1862 1646 1871 1867 2110 2075 2118 1891 2205 1617 1805 1887 1609 1913 1945 2041 1749 1702 1830 1794 1781 1778 1882 1752 1805 1782 1872 1717 1836 1883 1856 1687 1865 1826 1899 1792 1941 2093 1971 1983 1968 1751 2089 1522 1819 2011 1527 2071 1705 2033 2050 2005 1776 1922 1898 1636 1957 1849 1687 2080 1709 1863 1794 1939 2057 1839 1976 1529 1799 1755 1870 1894 1863 1619 1751 1601 1909 2138 1903 1790 1928 1991 1896 1590 1764 2133 2135 1947 1851 1735 1755 
2279 2010 2061 2173 2288 1943 1954 2275 2243 1930 2046 2092 2164 2233 2420 2248 2029 2290 1734 2144 2154 2030 2287 2042 2231 2003 1848 2190 2101 2036 1987 2141 1975 2172 2073 2139 1999 2215 2113 2171 2059 2130 2136 2228 1952 2199 2142 2264 2349 2392 2131 2360 1929 2213 1998 1750 2449 1999 2091 2058 2207 2099 2186 2304 1868 2224 2274 1958 2460 1957 2266 2153 2088 2423 2121 2432 1800 1858 2161 2139 2120 2285 2063 2083 1937 2139 2372 2187 2028 2153 2363 1914 1866 2124 2199 2384 2050 2082 2013 1989 
2079 1892 2159 2090 2368 2144 1813 2290 2218 1977 1976 2166 2158 2278 2327 2190 1925 2252 1848 2016 2048 1955 2096 1990 2266 2008 1836 2023 2139 2057 2158 2196 1864 2178 2014 2085 1969 2276 2050 2098 1912 2207 1987 2116 2124 2197 2347 2220 2247 2312 2095 2276 1775 2114 2133 1717 2418 1933 2045 2126 2135 1939 2309 2118 1854 2283 2262 1968 2301 1972 2240 2099 2133 2478 2094 2435 1726 1863 2054 2001 2123 2238 1946 1995 1869 2280 2341 2098 2004 2223 2501 2027 1984 2124 2161 2384 2115 2177 1938 1973 
1584 1471 1608 1688 1831 1532 1430 1702 1590 1617 1590 1610 1609 1611 1761 1954 1693 1917 1528 1634 1503 1544 1772 1588 1830 1663 1393 1751 1682 1499 1787 1719 1542 1695 1437 1509 1708 1706 1702 1667 1435 1769 1657 1639 1626 1773 1896 1583 1740 1590 1642 1759 1285 1608 1605 1468 1727 1713 1584 1602 1564 1370 1738 1721 1296 1758 1525 1567 1740 1546 1791 1592 1671 1883 1663 1821 1372 1395 1708 1659 1640 1502 1522 1396 1582 1759 1849 1737 1442 1639 1886 1513 1489 1466 1604 1706 1632 1490 1652 1582 
1971 1734 1934 1988 2314 1977 1683 2182 2026 1860 1785 2089 2037 2048 2100 2180 1945 2234 1697 2033 1761 1910 1974 1957 2183 1992 1716 2028 2081 1965 2068 2009 1910 2041 1924 1871 1934 2218 1915 1893 1978 1895 1869 1937 1890 1850 2250 2044 2099 1954 2016 2176 1687 1944 1930 1686 2222 1800 2084 2076 2100 1776 2200 2090 1776 2152 1983 2020 2140 1714 2085 1854 1928 2171 2120 2260 1789 1780 2095 1848 1949 2105 1828 1958 1838 2152 2155 2070 1973 2029 2274 1938 1828 2102 2256 2293 1931 2043 1962 1751 
1830 1637 1758 1681 2060 1755 1536 1921 1796 1765 1671 1895 1818 1897 1976 2071 1671 2120 1625 1710 1776 1613 1764 1826 1984 1767 1536 1895 1676 1718 1718 1770 1727 1829 1719 1727 1746 1799 1760 1994 1740 1936 1631 1901 1769 1688 1969 1918 1911 1913 1742 2072 1461 1746 1778 1521 1964 1721 1890 1861 1858 1759 1820 1973 1539 1819 1814 1589 2063 1654 1995 1811 1866 2098 1611 2157 1535 1740 1880 1827 1697 1827 1690 1858 1593 1828 2031 1970 1745 1937 2061 1543 1662 1803 1821 1963 1808 1813 1837 1786 
1794 1363 1801 1810 2087 1745 1620 1763 1785 1723 1741 1948 1744 1916 2027 2041 1658 1892 1486 1828 1674 1659 1929 1682 1992 1845 1762 1869 1817 1831 1808 1874 1679 1665 1683 1755 1800 1845 1768 1752 1691 1904 1888 1757 1652 1759 1983 1985 2032 1968 1840 2051 1485 1841 1748 1425 1998 1651 1787 1783 1785 1594 1902 1983 1684 1971 1818 1792 1856 1699 1906 1777 1744 1910 1934 2030 1677 1447 1968 1713 1793 1831 1818 1735 1597 1868 2098 1962 1805 1713 2009 1665 1569 1819 1831 1880 1726 1701 1735 1605 
2389 2137 2173 2186 2430 2125 1885 2200 2046 2092 2083 2180 2325 2327 2387 2268 1934 2219 1726 1998 2037 1966 2125 2099 2449 2118 1829 2068 1843 2113 2159 2369 2010 2122 2049 1988 2033 2128 2315 2072 2083 2203 2054 2287 2080 2154 2326 2313 2177 2158 2057 2294 1852 2051 2015 1716 2363 1960 1937 2197 2213 2040 2036 2186 1741 2214 2312 1976 2189 1996 2231 2039 2078 2266 2182 2281 1807 1897 2185 2322 2051 2102 1986 1911 1932 2081 2299 2098 2115 2140 2447 1996 1973 2113 2228 2314 2222 2307 1955 2052 
2058 1950 2129 2166 2517 2135 1888 2162 1881 2221 2024 2117 2151 2087 2300 2504 1877 2365 1752 2114 1933 2060 2250 2189 2465 2151 1771 2235 1937 2000 2060 2176 1893 2133 2009 2053 2075 2217 2135 2270 1945 2247 2012 2012 1929 2115 2436 2124 2280 2208 2073 2342 1678 2172 2090 1913 2252 2008 2059 2344 2044 1868 2117 2388 1822 2203 2064 2038 2348 1934 2282 2090 2123 2247 2034 2392 1842 1736 2249 2334 1881 2058 2002 1998 2030 2181 2328 2227 2211 2091 2404 1941 1931 1984 2104 2260 2017 2070 2154 1920 
2201 1892 1892 2054 2187 1942 1471 2044 2016 1978 1859 1953 2122 1976 2142 2201 1787 2186 1691 1836 1814 1802 2140 1831 2202 1941 1759 1972 1903 1816 2011 2093 1765 2136 1780 1907 1923 2036 2000 1864 1747 1826 1887 2095 1849 1922 2206 2080 2059 2071 1960 2013 1728 1969 1862 1642 2142 1758 1757 1925 2070 1734 1960 2092 1709 2110 1912 1797 2204 1717 2111 2004 2032 2120 2019 2208 1601 1695 1864 2041 1937 1887 1759 1833 1790 1951 2060 1980 2007 1959 2301 1728 1726 1850 2156 2162 2045 1960 1753 1902 
1972 1730 1930 1974 2265 1968 1728 2009 1913 1818 1662 1937 1992 1892 2220 2178 1753 2053 1561 1866 1883 1761 1987 1912 1962 1945 1507 1899 1938 1751 1779 1964 1855 1831 1825 1902 1734 1970 1817 1886 1765 1849 1653 1985 1993 1910 2033 1974 2034 1964 1847 2139 1665 1941 1891 1494 2163 1772 1812 1869 2043 1843 1889 1921 1742 1975 1972 1771 2067 1854 2032 1934 2025 2095 1904 2258 1654 1705 1863 1928 1779 1864 1695 1797 1924 2036 2060 1984 1970 2001 2178 1864 1859 1772 2055 2126 1980 2067 1716 1801 
1835 1730 1818 1916 2150 1866 1619 1922 1689 1865 1744 1788 1771 1851 1980 2049 1821 2019 1625 1725 1620 1786 1818 1885 1808 2038 1596 1868 1877 1882 1915 1935 1847 1912 1663 1847 1846 1919 1793 1730 1626 1808 1796 1922 1969 1868 2103 1970 2043 1886 1869 2016 1603 1797 1822 1368 2001 1600 1685 1817 1996 1556 1970 1862 1607 1914 1923 1778 2027 1659 1986 1923 1782 1917 1961 1979 1645 1646 1735 1813 1724 1744 1607 1637 1734 2014 2022 1858 1672 1959 2213 1792 1641 1757 2075 2149 1841 1965 1795 1698 
1966 1794 2179 1944 2302 2135 1861 2163 1970 2020 1782 1990 2135 2103 2179 2163 1766 2188 1732 2098 1874 1903 2163 2045 2225 2165 1847 1963 2099 2037 1996 2101 1965 2023 1854 1842 2061 2045 2034 2002 1840 2066 1951 2079 1999 2171 2392 2127 2225 2012 1914 2093 1651 1839 2004 1804 2395 1750 1954 2050 2085 1727 2186 2113 1763 2051 2069 2099 2329 1887 2126 1932 2012 2275 2172 2139 1746 1817 1973 1928 2008 1935 1882 1931 1891 2219 2289 2043 2035 2199 2349 1799 1860 1954 2110 2241 2113 1972 1997 1767 
1894 1728 1908 1876 2062 1750 1608 2037 1944 2053 1802 1927 1970 1994 2037 2151 1689 2232 1724 1878 1788 1613 1927 1859 2091 1929 1767 1992 1905 1927 2027 2028 1750 1965 1799 1981 1875 1972 1909 1939 1682 1883 1922 1939 1788 1945 2155 2044 2144 1974 2044 2015 1764 1976 1827 1477 2156 1772 1940 2009 1849 1647 1981 1997 1576 2062 1857 1832 2046 1809 2003 1807 2058 1949 1879 2122 1674 1748 2013 1869 1976 1920 1649 1850 1755 2118 2122 2056 1844 1814 2087 1733 1585 1859 2123 1975 1884 1817 1869 1810 
2139 1770 2040 2169 2266 2030 1747 2109 1900 1991 1905 2102 1933 2049 2278 2333 1953 2140 1769 2048 2050 1936 2233 2069 2129 1993 1744 2058 2155 1855 1952 2112 1940 2010 2063 1877 2022 2233 1998 2032 1954 2121 1942 2132 1823 2092 2312 2130 2155 2346 1858 2215 1724 1987 1966 1716 2295 1784 2028 1998 2088 1779 2078 2245 1834 2175 2133 2024 2212 1798 2191 2025 1979 2198 1983 2458 1805 1867 2051 2105 2024 2014 1825 1865 1781 2095 2254 2077 2035 1990 2513 2003 1786 1977 2042 2321 1861 2193 2058 2024 
2227 2019 2146 2144 2295 2143 1905 2306 2025 2050 1856 2076 2087 2156 2437 2243 2044 2343 1953 2087 1981 1909 2328 2178 2331 2118 1915 2199 2115 2016 2095 2320 1904 2178 1995 1944 2183 2155 2136 1988 1956 2138 1941 2293 2047 2024 2511 2145 2288 2239 2187 2420 1788 2012 2093 1767 2326 2081 2154 2167 2205 1825 2199 2262 1865 2205 2099 2037 2391 1918 2172 2099 2221 2352 2052 2322 1754 1880 2043 2163 2190 2076 1976 2034 2104 2087 2439 2195 2011 2269 2438 2104 1942 1967 2384 2369 2203 2211 2063 1967 
2055 1770 2004 2169 2394 2019 1859 2109 2052 2146 2047 2091 2091 2121 2216 2543 1980 2396 1849 2001 2069 1937 2152 2109 2184 2021 1862 2101 2094 1892 2017 2101 2191 2003 1954 2113 2007 2184 2187 2322 1977 2108 1969 2074 2092 2138 2337 2210 2167 2279 1975 2297 1811 2180 1889 1789 2143 1925 2135 2132 1961 2050 2128 2364 1772 2229 2070 1935 2226 1935 2319 2196 2095 2319 1999 2457 1886 1784 2204 2206 2053 2099 1931 2029 1799 2168 2333 2273 2058 2068 2480 1910 1827 1991 2138 2291 2012 2131 2049 1998 
2320 2078 2194 2256 2431 2192 1915 2313 2173 2222 2013 2188 2333 2303 2379 2352 2078 2341 1947 2081 1923 1948 2293 2155 2355 2274 2038 2262 2161 2062 2059 2171 2194 2293 2122 2262 2207 2306 2245 2254 2079 2186 2031 2353 2133 2103 2327 2371 2346 2388 2259 2371 1897 2244 2156 1647 2401 2112 2166 2119 2248 2028 2402 2368 1863 2285 2199 2095 2367 1871 2472 2274 2118 2461 2324 2688 1904 1894 2077 2250 2082 2093 1983 2044 2016 2292 2414 2304 2154 2432 2509 1940 1898 2112 2443 2443 2293 2281 2130 2041 
1918 1733 1929 1884 2180 1936 1706 1947 1799 1998 1623 1862 1856 2123 2082 2089 1835 2032 1735 1910 1828 1829 1921 1871 1949 1929 1571 1789 1947 1710 1822 1913 1809 1901 1812 1890 1799 1918 1896 1894 1849 1964 1850 1892 1878 1847 2228 2048 1981 1979 1781 2191 1621 1876 1988 1561 2124 1732 1901 1914 2032 1927 2068 2005 1701 1948 1971 1758 2103 1818 2045 1904 1999 2183 2046 2143 1573 1813 1969 1964 1897 1886 1853 1759 1826 2169 2175 2089 1944 1925 2258 1919 1915 1878 2034 2209 1919 2029 1795 1802 
2072 1907 1954 2085 2184 1894 1858 2113 1819 2033 1912 1997 2022 2120 2123 2250 1934 2066 1874 1995 1853 1834 2048 2031 2037 2002 1910 2053 1960 1969 2187 2229 2015 2062 1774 1951 1966 2052 2119 2111 1884 2030 1903 2021 1922 1820 2260 2164 2128 2017 1893 2118 1791 1997 1994 1682 2158 1653 2145 2177 2160 1872 2063 2130 1756 2335 2011 1976 2178 1757 2168 2066 2059 2256 2159 2187 1694 1704 2098 2108 1953 2041 2027 1958 1839 2032 2095 2193 1990 2154 2293 1894 1861 2087 2276 2316 1994 2125 1923 1837 
2691 2349 2533 2446 2859 2378 2235 2529 2361 2477 2321 2497 2485 2531 2724 2724 2467 2766 2316 2466 2381 2296 2553 2481 2700 2520 2214 2677 2480 2397 2334 2511 2414 2534 2313 2592 2262 2524 2504 2391 2556 2389 2352 2610 2440 2301 2888 2560 2664 2672 2509 2822 2137 2551 2420 2065 2628 2260 2494 2376 2600 2240 2562 2743 2236 2650 2541 2524 2787 2452 2719 2550 2501 2644 2594 2817 2235 2058 2514 2586 2501 2451 2405 2398 2282 2598 2871 2721 2465 2497 2835 2309 2357 2466 2836 2773 2492 2647 2423 2227 
2037 1956 2046 2116 2314 2092 1840 2030 2102 2134 2049 2214 2161 2239 2263 2372 1896 2305 1794 1993 1908 2031 2141 2074 2267 1980 1843 2158 2102 2049 2046 2106 2064 2023 1976 1852 2112 2309 2223 2064 1874 2286 2117 2237 2086 2109 2386 2194 2231 2073 2108 2223 1874 2174 2043 1811 2203 2029 2056 2137 2053 1763 2222 2203 1853 2178 2048 1945 2258 1676 2265 2314 2087 2291 2180 2339 1956 1792 2218 2158 2022 2119 1999 1989 1930 2207 2212 2170 2028 2225 2517 1950 1907 1961 2152 2324 1988 1932 1965 1853 
1936 1607 1766 1679 2026 1797 1457 1930 2010 1901 1766 1934 1953 1737 1988 2063 1682 1943 1577 1841 1661 1743 1969 1705 1923 1852 1457 1910 1956 1826 1737 1932 1818 1906 1756 1882 1789 1952 1738 1962 1716 1769 1765 1939 1889 2037 2029 1897 2150 1899 1857 1952 1664 1930 1864 1624 2044 1841 1748 1806 1740 1710 1993 1926 1398 1917 1842 1806 2133 1763 2041 1866 1852 2026 1831 2036 1613 1623 1635 1886 1949 1854 1660 1665 1670 2106 2034 2004 1953 2068 1962 1570 1639 1638 1925 2158 1949 1752 1744 1540 
2001 1948 1976 2102 2315 1950 1693 2037 1983 2054 2014 2125 2030 2056 2074 2201 1806 2225 1777 1974 1865 1943 2042 1918 2124 2122 1773 1989 1951 2056 1926 1966 1846 2002 1930 2057 1938 2090 2094 2026 1800 2040 1926 2229 1897 2199 2119 2239 2177 2231 1935 2115 1918 2013 1956 1608 2388 1828 1942 2031 2125 1867 2158 2092 1880 2140 2191 1807 2180 1822 2242 2015 1938 2195 2052 2349 1783 1810 2008 2181 2093 2184 1849 1903 1793 2233 2252 2065 1868 2078 2375 1786 1841 1821 2164 2251 1923 2099 2126 1861 
2308 1989 2005 2333 2452 2208 1790 2245 2099 2127 1935 2369 2268 2263 2392 2423 2082 2483 1862 2171 1964 1986 2320 2176 2412 2353 2039 2392 2180 2024 2177 2184 2234 2346 2142 2227 2002 2334 2028 2292 2006 2239 2065 2360 2104 2126 2502 2333 2283 2335 2240 2398 1821 2258 2114 1723 2429 2120 2132 2298 2249 1824 2330 2346 1927 2344 2164 2085 2370 2098 2386 2341 2237 2488 2232 2520 1959 1858 2207 2171 2083 2107 2015 2029 1962 2308 2443 2217 2203 2196 2464 2000 1917 2150 2393 2454 2081 2249 2139 2116 
2318 2144 2328 2326 2552 2212 1968 2443 2261 2319 2161 2185 2301 2242 2330 2547 2058 2477 1918 2134 2083 2066 2247 2352 2488 2300 1941 2314 2277 2059 2278 2344 2111 2317 2271 2241 2218 2425 2178 2192 2047 2160 2127 2462 2126 2399 2657 2508 2562 2510 2187 2566 1961 2366 2269 1832 2588 2016 2274 2190 2385 2068 2334 2488 1990 2357 2211 2171 2557 2171 2523 2351 2224 2479 2171 2539 1970 2106 2157 2210 2417 2297 2037 2073 2182 2592 2361 2272 2198 2374 2583 2260 2037 2091 2527 2630 2330 2375 2269 2058 
1925 1830 2066 2086 2366 2013 1771 2184 1967 1868 1625 2001 2097 2031 2094 2184 1820 2200 1740 1966 1957 1797 2004 2011 2000 1910 1648 1890 2028 1995 1804 2015 1983 2111 1909 1991 1909 2003 1916 2002 1853 2109 1757 2138 1818 1950 2027 2037 2068 2111 1833 2073 1704 1828 1953 1694 2149 1756 1922 1863 2099 1770 2232 2062 1731 2168 1940 1842 2301 1780 2108 2023 1949 2370 1854 2224 1606 1894 1818 2011 1912 2027 1804 1816 1795 2112 2259 2097 1924 2190 2234 1874 1876 1929 2099 2397 1998 2056 1789 1800 
1839 1782 1862 1988 2306 2144 1702 2041 1910 1828 1756 2012 1860 1801 2158 2229 2037 2143 1821 1863 1845 1666 2073 1919 2113 2142 1673 1921 2060 1940 1931 1934 1751 1865 1755 1947 1878 2193 1890 1855 1801 1854 1911 1957 1929 1846 1953 2020 1989 2045 1940 2382 1726 1980 1948 1649 2121 1839 1855 1924 2031 1829 2145 2235 1807 2127 2035 1864 2103 1781 2130 1852 1968 2148 1924 2240 1618 1584 1884 1937 1859 1997 1862 1864 1780 2041 2184 2097 1870 2020 2135 1887 1623 1729 2106 2081 1857 2059 1843 1730 
2004 1795 2088 2265 2504 2031 1894 2272 1968 2041 1978 2305 2303 2175 2321 2237 1922 2141 1764 2083 2048 2024 2156 2030 2317 2141 1831 2142 2104 2159 2121 2250 1846 2094 1962 1966 2128 2167 2157 2155 1940 2326 1973 2099 2032 2036 2335 2108 2270 2264 2124 2149 1817 2053 2056 1843 2330 1812 2056 2102 1981 1744 2168 2171 1888 2229 2215 2153 2219 2035 2181 2042 2053 2392 2183 2448 1804 1690 2175 2030 2085 2259 1984 2004 1911 2163 2287 2232 2163 2182 2360 2012 1869 2127 2113 2305 1969 2115 2122 1940 
1783 1629 1776 1691 1988 1988 1494 1796 1745 1764 1534 1899 1671 1756 1898 1901 1782 1831 1457 1741 1751 1565 1728 1683 1979 1792 1380 1803 1772 1433 1732 1623 1756 1729 1734 1761 1601 1944 1779 1705 1711 1764 1568 1795 1695 1681 1947 1682 1816 1922 1661 1910 1492 1776 1627 1489 1745 1596 1693 1837 1817 1654 1902 2040 1452 1733 1881 1712 1803 1683 1873 1695 1663 1896 1747 2059 1585 1410 1797 1733 1759 1749 1579 1700 1642 1860 1927 1897 1675 1838 2065 1598 1688 1674 1805 1959 1713 1868 1734 1637 
2234 1853 2017 2312 2258 2132 1656 2348 2146 2136 1888 2133 2203 2186 2352 2482 1990 2325 1856 2230 2026 1951 2117 2130 2331 2051 1928 2090 2165 1956 2113 2364 1994 2289 2043 2053 2021 2156 2077 2197 1963 2103 2103 2226 1980 2038 2371 2284 2446 2129 2073 2176 2022 1980 1989 1722 2451 1953 2087 2017 2144 1788 2227 2244 1780 2218 2070 2109 2348 1930 2245 2211 2066 2417 2244 2339 1926 1934 2145 2028 2161 2183 1908 2071 1885 2259 2311 2055 2171 2278 2529 2086 1979 2110 2384 2516 2174 2101 2035 1970 
1954 1880 1957 2007 2305 1911 1760 1800 1824 2004 1785 1958 2044 2054 2096 2199 1822 2171 1704 1951 1738 1827 1926 2116 1833 1936 1691 1996 2061 1761 1839 1942 1894 1909 1759 1976 1818 1908 2088 1948 1928 2083 1792 2119 1937 1904 2175 2110 2158 2084 1738 2271 1706 1916 1918 1591 2074 1768 1798 1962 1836 1703 1993 2138 1670 2001 1965 1812 2163 1834 2103 2184 1929 2325 2031 2053 1667 1730 2009 2002 1780 1939 1984 1805 1731 2041 2312 2048 1988 2101 2357 1832 1839 1882 2228 2125 1971 1996 1909 1666 
2038 1866 2004 2117 2467 1914 1845 2082 1880 2070 1954 1941 2199 2103 2053 2221 1808 2064 1784 1914 1932 1910 1943 1954 2167 2181 1640 2050 1924 1997 1922 2031 1875 2003 1897 2012 2001 1892 2026 2006 1835 2108 1873 1998 1990 1830 2200 2146 1979 2231 2008 2055 1621 1957 1982 1642 2189 1794 1963 1968 2041 1919 1962 2254 1769 2084 2121 1981 2103 1872 2044 1962 1995 2227 1900 2296 1672 1735 2046 2018 1933 1895 1868 1933 1834 2148 2102 2209 1913 2074 2263 1753 1897 1955 2097 2220 1899 2114 1941 1997 
2093 1928 2140 2082 2244 2122 1669 1969 2008 2008 1866 2049 2029 2127 2287 2376 2059 2357 1818 2170 1997 1952 2237 2136 2259 1989 1814 2142 1962 1898 1995 2139 2051 2044 1986 2002 1927 2125 1954 1975 1900 2110 2117 2222 1975 2150 2371 1941 2116 2114 2067 2103 1736 2188 1927 1749 2259 1869 2133 2220 2201 1770 2227 2150 1673 2056 2092 2009 2244 1959 2109 2129 2027 2286 2101 2262 1923 1842 2024 2080 2128 2027 1844 1959 1912 2185 2225 2162 2056 1948 2387 1838 1868 2105 2089 2284 2114 2090 1962 1910 
1869 1790 1802 2040 2232 1986 1601 1957 1924 1922 1897 2046 1965 2146 2135 2331 1818 2150 1630 1956 1783 1870 1837 1949 2105 1846 1799 1944 1827 2019 1835 2098 1886 2030 1882 1951 1943 1895 1964 1996 1846 1908 1856 2018 1932 2087 2238 2060 2042 2079 1882 2108 1850 1955 1819 1689 2189 1922 1825 1943 2130 1832 2024 2127 1699 2043 2099 1931 2058 1839 2019 2069 2039 2023 2068 2216 1743 1775 1902 1951 2035 1889 1809 1762 1853 2000 2154 1930 1913 1975 2397 1741 1782 1865 2216 2232 2027 1999 1865 1827 
1917 1929 2019 2107 2203 1939 1647 2025 2043 2029 1960 1876 1850 2147 2033 2254 1921 2175 1791 1971 1861 1858 2098 1936 2062 1858 1749 2064 1894 1907 1951 2030 1904 2083 1850 1796 1940 1995 2046 1835 1765 1950 1987 2135 1862 2129 2150 2061 2212 1932 1885 2146 1808 1716 1917 1613 2178 1921 1882 1926 2150 1851 2007 2098 1640 2030 1935 1917 2251 1571 2117 1994 2071 2095 2055 2081 1746 1758 2070 1865 2030 2000 1841 1873 1776 2059 2033 2139 1888 2122 2290 1944 1892 1853 2116 2291 2102 1931 1791 1670 
2080 1924 2106 2224 2401 2076 1810 2180 2170 2090 2010 2162 1999 2131 2264 2512 2013 2396 1932 2262 2009 1936 2104 2099 2048 2029 1895 2099 2268 1954 2193 2219 2105 2050 1792 2019 1985 2230 2161 2111 1942 2009 2084 2151 2111 2195 2282 2227 2202 2263 1997 2394 1916 2070 2124 1742 2366 1898 2183 2180 2195 2109 2289 2134 1790 2301 2326 2073 2283 1971 2286 2022 2221 2380 2222 2380 1793 1793 2168 2135 2055 2256 1936 1989 1959 2290 2331 2332 2074 2160 2596 2088 1923 1977 2145 2362 1980 2258 2035 1986 
1750 1682 1892 1952 2071 2056 1625 2024 1898 1939 1703 1999 1895 2018 2040 2229 1735 2163 1604 1961 1795 1761 2034 1810 2055 1888 1714 1771 1793 1702 1900 2014 1819 1913 1752 1964 1745 1914 1823 1872 1620 1881 1768 1919 1914 1971 2186 1903 1988 1892 1789 1975 1547 1753 1787 1618 2119 1735 1916 1843 1982 1672 2024 1988 1704 1949 1921 1582 2066 1622 1872 1953 2132 2159 1723 2073 1486 1729 1994 1893 1825 1853 1716 1780 1697 2078 2092 2089 1865 1937 2158 2023 1851 1816 1832 2000 1864 1892 1829 1826 
2317 1861 2159 2131 2405 2018 1828 2182 2032 1910 1846 2177 2165 2317 2284 2256 2057 2267 1755 2116 2026 1942 2245 2124 2258 2125 1763 2133 2008 2160 2042 2113 1995 2231 2207 1826 2133 2130 2149 2153 2147 2156 2039 2263 1941 2063 2252 2333 2288 2182 2125 2375 1903 1966 2018 1775 2405 2048 2082 2088 2325 1786 2273 2328 1905 2100 2281 2011 2415 1965 2401 2118 2052 2339 2112 2381 1803 1931 2078 2098 2111 2147 2059 1993 1978 2180 2263 2124 2063 2293 2484 1981 1911 2080 2193 2365 2315 2167 2031 1995 
2080 1781 1878 2086 2307 1814 1690 2090 2005 1969 1887 2048 2097 2094 2125 2174 1821 2214 1902 1889 2026 1821 2102 2011 2010 1919 1922 2052 2132 2041 1981 1994 1882 2209 1930 2030 1831 1960 1978 2002 1864 2211 1790 2001 1909 1994 2275 2157 2056 2052 1950 2088 1693 2023 1975 1616 2174 1884 2007 2011 2089 1831 2178 1984 1586 2167 2106 1987 2358 1722 2232 1882 2138 2175 2110 2140 1647 1795 2040 1982 1992 2084 1928 1832 1912 1958 2268 2182 1875 2094 2310 1817 1812 1992 2120 2264 2081 1971 1897 1813 
1757 1802 1805 1887 2186 1921 1716 1921 1846 1821 1796 1858 1834 1879 2116 2175 1801 2087 1665 1906 1827 1585 2004 1923 1979 1866 1616 1962 1939 1658 1922 2057 1750 1813 1656 1671 1886 2134 1878 1908 1728 1974 1777 1784 1738 1811 2051 1834 2028 1927 1800 2009 1512 1840 1784 1789 2042 1762 1863 1872 1772 1594 1911 2077 1618 2003 1785 1837 2091 1795 1920 1860 1850 2071 1926 2083 1647 1556 1813 1704 1848 1767 1814 1699 1833 1858 2099 2005 1718 1885 2063 1728 1639 1923 1906 1943 1892 1812 1946 1651 
1919 1636 1774 1818 2148 1775 1655 1856 1851 1872 1708 1900 1954 1942 2031 2065 1718 2135 1515 1759 1738 1678 1708 1794 2081 1817 1793 1775 1786 1841 1717 1831 1746 1845 1776 1917 1800 1698 1779 1896 1694 1872 1696 1975 1828 1894 1989 1964 1960 2033 1859 1951 1769 1783 1742 1408 2035 1660 1827 1807 1767 1729 1944 2000 1622 1876 1930 1752 1911 1566 1840 1999 1928 2127 1893 2025 1539 1686 1933 1753 1961 1835 1688 1856 1578 2016 1980 1852 1935 2026 2202 1539 1639 1768 1975 2018 1848 1853 1741 1742 
2055 1688 1916 1830 2045 1780 1745 1871 1859 1901 1715 2023 1811 1932 1897 2051 1830 1927 1669 1878 1681 1678 1953 1875 1859 1842 1514 1824 2026 1741 1772 1836 1810 1834 1786 1692 1844 2058 1932 1825 1852 1750 1764 1828 1832 1941 2199 2026 1946 1927 1717 2079 1670 1874 1852 1496 2015 1729 1922 1828 2068 1720 1997 2109 1601 1969 1887 1866 1893 1620 2141 1822 1889 1895 2139 2212 1590 1717 1901 1882 1907 1939 1776 1619 1875 2038 1955 1969 1883 2077 2157 1941 1733 1798 1994 2021 1854 1942 1835 1615 
2327 1958 2210 2229 2434 2059 1850 2084 2184 1985 1917 2079 2148 2049 2253 2303 2141 2249 1942 2157 1922 2126 2168 2148 2184 2132 1941 2259 2118 2017 2144 2236 2224 2095 1956 2023 2163 2260 2178 2245 2079 2184 2105 2369 1967 2139 2320 2427 2248 2262 2139 2409 1947 1924 2021 1838 2355 2018 2235 2122 2201 1959 2459 2230 1869 2316 2086 2202 2293 2002 2438 2278 1998 2445 2220 2416 2042 1912 2046 2336 2234 2113 2128 1973 1969 2180 2326 2286 2103 2195 2505 1904 2007 2028 2303 2481 2081 2122 2162 1865 
1962 1791 1867 1855 2105 1738 1790 1958 1868 2014 1790 1827 1851 2028 2006 2051 1737 2088 1791 1886 1867 1767 2026 2112 2142 1920 1758 2001 1990 1852 1980 2024 1901 1947 1795 1837 1920 2072 1984 1951 1848 2065 1861 1836 1853 2062 2248 2051 2085 1991 1895 2175 1586 1902 2002 1607 2086 1706 2054 1994 1960 1899 1987 1889 1757 2081 1967 1880 2206 1775 1978 1865 2074 2198 2068 2081 1616 1839 2035 1914 1826 1887 1788 1942 1855 2121 2119 2189 1986 2019 2150 1876 1609 1909 2003 2299 1902 1983 1979 1807 
1934 1736 2058 2034 2250 1971 1694 1980 1890 1853 1743 1929 2010 1959 2012 2190 1849 2196 1692 2004 1847 1801 1995 1928 1989 2025 1791 1994 1905 1890 1908 1959 1854 1937 1801 1848 2008 1998 2010 1918 1804 1969 1884 2070 1872 1930 2085 1957 2208 2040 1944 2183 1798 1937 1850 1714 2138 1690 1958 1866 2004 1801 2029 1999 1673 1999 1903 1854 2211 1793 2123 1776 1864 2155 2076 2156 1747 1781 1976 1884 1927 1988 1986 1921 1743 1940 2070 2117 1858 1956 2133 1826 1691 1948 2114 2079 1965 2016 1941 1760 
2044 1802 1967 1959 2287 1978 1763 2046 1972 1856 1745 1967 1991 2066 1898 2210 1819 2276 1833 1982 1747 1872 2055 1891 2004 1919 1767 1967 1954 1874 1864 2014 1914 2008 1793 1955 1870 2087 1783 1854 1818 1840 1940 2006 1909 1931 2177 2107 1991 2044 2045 2189 1709 1817 1968 1527 2110 1855 2079 2003 2104 1797 1974 2101 1816 2074 2006 1805 2207 1735 2029 1942 1981 2270 1900 2123 1715 1766 1926 1992 1856 1911 1863 1868 1825 2188 2159 1991 2011 2087 2241 1834 1955 2040 2142 2091 2013 2165 1721 1804 
2052 1885 2031 1960 2426 2017 1712 2150 2047 2048 1939 2118 2000 2103 2150 2113 1935 2210 1853 2069 1904 1819 2215 2099 2086 2063 1806 1987 2124 2075 1802 2079 2023 2066 2021 2020 2033 2137 2016 2049 2000 2065 1818 2140 2067 2133 2268 2181 2368 2266 2032 2327 1929 2073 2017 1619 2247 1753 2016 2043 2105 1815 2141 2099 1728 2067 2224 1976 2305 1847 2206 2093 2036 2294 2231 2365 1814 1803 1934 2063 2136 2090 2010 1900 1942 2114 2325 2240 1981 2329 2374 1894 1956 2060 2216 2388 2201 2110 1915 1829 
1867 1475 1854 1886 1839 1787 1468 1916 1659 1659 1633 1883 1796 1701 2067 1939 1565 1875 1497 1752 1626 1601 1849 1636 1836 1793 1569 1836 1789 1729 1744 1734 1589 1717 1609 1584 1707 1866 1791 1567 1513 1666 1698 1752 1741 1577 1923 1776 1940 1825 1850 1892 1567 1736 1654 1347 1962 1576 1765 1843 1778 1436 1839 1801 1382 1778 1645 1748 1827 1532 1892 1702 1663 1805 1907 2030 1590 1443 1801 1687 1819 1885 1626 1719 1583 1837 1938 1828 1790 1866 1978 1741 1520 1799 1958 1875 1702 1748 1612 1490 
2241 1970 2094 2356 2483 2206 1950 2365 2057 2065 1965 2302 2269 2353 2333 2547 2041 2279 1925 2300 1986 2025 2249 2272 2295 2227 1882 2287 2145 2079 2170 2405 2126 2210 1972 2039 2336 2358 2131 2204 2068 2339 2085 2154 2153 2131 2475 2130 2245 2413 2298 2425 1892 2260 2280 1844 2375 2025 2175 2299 2281 1936 2264 2379 1910 2355 2224 2122 2310 1887 2263 2346 2301 2459 2294 2510 1741 1925 2234 2178 2182 2215 2162 2022 2169 2253 2435 2473 2131 2351 2542 2113 1999 2261 2255 2399 2196 2305 2207 2204 
2077 1858 2004 2160 2271 2014 1785 2185 1886 2137 1916 2312 2194 2071 2272 2406 2042 2402 1714 2063 1943 1880 2067 2143 2495 1921 2012 2087 1960 2007 2019 2321 2004 2127 1940 1987 1921 2158 1981 2202 1921 2100 1914 2118 1978 2168 2288 2225 2394 2231 2095 2279 1760 2113 2056 1678 2261 1891 2116 2144 2036 1774 2191 2131 1704 2202 1981 1977 2166 1862 2214 2169 2174 2354 2096 2532 1798 1754 2158 2124 2057 2155 1808 1922 1946 2281 2331 2127 2147 2183 2342 1810 1830 2057 2175 2331 2003 2064 1954 1830 
2113 2057 2036 2064 2252 2044 1740 1967 2059 2106 1862 2180 2130 2197 2215 2386 1950 2332 1668 2065 1962 1833 2113 2193 2229 2075 1795 2038 1879 1995 2052 2092 2119 1994 1931 2032 2050 2117 2146 2068 1887 2174 2061 2284 1935 2017 2287 2153 2173 2058 1848 2258 1794 2070 1948 1621 2371 1833 2004 2042 2148 1839 2197 2346 1731 2189 2017 1873 2212 1969 2167 2121 2019 2193 2152 2265 1870 1778 2085 2148 1999 2176 1857 1957 1933 2183 2223 2113 1907 2037 2482 1836 1879 1913 2213 2290 2011 2007 1859 2010 
1866 1768 2064 2095 2208 1948 1876 2081 1937 1916 1926 2204 2070 2170 2258 2404 1896 2062 1503 1921 1769 1859 2009 1940 2145 1909 1678 2074 2080 1927 1914 2214 1755 1830 1999 2032 2048 2055 2063 1951 1918 1938 1986 2168 1839 1870 2257 2010 2140 2144 1948 2270 1792 1964 1826 1741 1971 1894 2032 1810 2036 1745 1946 2156 1835 2117 1931 1997 2052 1909 1994 1964 1973 2165 1977 2283 1645 1829 2042 1908 2018 2065 1986 1832 1785 1992 2261 2142 2009 1982 2273 1973 1771 1710 2169 2069 1820 1850 1829 1808 
2116 1885 2105 2067 2384 2009 1956 2112 1895 2042 1894 2079 2131 2018 2214 2344 1911 2205 1709 1967 1916 1938 2235 2080 2273 2150 1863 2077 2139 2053 2219 2241 1962 2026 1979 2048 1925 2189 2033 1866 1850 2060 2034 2146 2127 2019 2363 1986 2163 2058 2123 2267 1657 2149 2174 1658 2140 1824 2139 2144 2088 1896 2087 2012 1938 2316 2063 2034 2171 1995 2158 1985 2111 2352 2125 2184 1819 1798 2144 1966 1960 1965 1904 1933 1904 2263 2315 2222 2004 2098 2207 1997 1821 2015 2165 2282 2058 2245 1918 1778 
1906 1487 1689 1715 2026 1713 1437 1771 1631 1827 1675 1850 1669 1692 1775 1981 1577 1934 1632 1734 1630 1602 1870 1777 1787 1804 1557 1762 1684 1543 1651 1765 1772 1812 1638 1766 1716 1783 1679 1727 1601 1752 1531 1732 1737 1727 2055 1782 1895 1929 1761 1810 1343 1884 1733 1461 1797 1634 1859 1875 1774 1576 1914 2042 1396 1874 1768 1787 1851 1507 1841 1679 1862 1759 1740 2066 1568 1429 1742 1969 1715 1783 1678 1647 1646 1763 1828 1960 1748 1752 1972 1536 1572 1840 1776 1855 1597 1712 1680 1713 
